              precision    recall  f1-score   support

           0     0.0000    0.0000    0.0000         3
           1     0.5000    0.0588    0.1053        34
           2     0.0000    0.0000    0.0000        16
           3     0.0000    0.0000    0.0000         3
           4     0.0000    0.0000    0.0000         1
           5     0.9187    0.9910    0.9534       775
           6     0.1667    0.0714    0.1000        14

    accuracy                         0.9113       846
   macro avg     0.2265    0.1602    0.1655       846
weighted avg     0.8644    0.9113    0.8793       846
