              precision    recall  f1-score   support

           0     0.0000    0.0000    0.0000         5
           1     0.0000    0.0000    0.0000        14
           2     0.0000    0.0000    0.0000         6
           3     0.0000    0.0000    0.0000         4
           4     0.0000    0.0000    0.0000        38
           5     0.0000    0.0000    0.0000        12
           6     0.0000    0.0000    0.0000        34
           7     0.0000    0.0000    0.0000         1
           8     0.0000    0.0000    0.0000         1
           9     0.8651    1.0000    0.9277       731

    accuracy                         0.8641       846
   macro avg     0.0865    0.1000    0.0928       846
weighted avg     0.7475    0.8641    0.8016       846
